# generated by PrusaSlicer 2.3.0-rc2+ on 2020-12-27 at 02:33:54 UTC
bed_custom_model = 
bed_custom_texture = 
bed_shape = 84.6765x7.40824,83.7087x14.7601,82.1037x21.9996,79.8739x29.0717,77.0362x35.9226,73.6122x42.5,69.6279x48.754,65.1138x54.6369,60.1041x60.1041,54.6369x65.1138,48.754x69.6279,42.5x73.6122,35.9226x77.0362,29.0717x79.8739,21.9996x82.1037,14.7601x83.7087,7.40824x84.6765,5.20475e-15x85,-7.40824x84.6765,-14.7601x83.7087,-21.9996x82.1037,-29.0717x79.8739,-35.9226x77.0362,-42.5x73.6122,-48.754x69.6279,-54.6369x65.1138,-60.1041x60.1041,-65.1138x54.6369,-69.6279x48.754,-73.6122x42.5,-77.0362x35.9226,-79.8739x29.0717,-82.1037x21.9996,-83.7087x14.7601,-84.6765x7.40824,-85x1.04095e-14,-84.6765x-7.40824,-83.7087x-14.7601,-82.1037x-21.9996,-79.8739x-29.0717,-77.0362x-35.9226,-73.6122x-42.5,-69.6279x-48.754,-65.1138x-54.6369,-60.1041x-60.1041,-54.6369x-65.1138,-48.754x-69.6279,-42.5x-73.6122,-35.9226x-77.0362,-29.0717x-79.8739,-21.9996x-82.1037,-14.7601x-83.7087,-7.40824x-84.6765,-1.56142e-14x-85,7.40824x-84.6765,14.7601x-83.7087,21.9996x-82.1037,29.0717x-79.8739,35.9226x-77.0362,42.5x-73.6122,48.754x-69.6279,54.6369x-65.1138,60.1041x-60.1041,65.1138x-54.6369,69.6279x-48.754,73.6122x-42.5,77.0362x-35.9226,79.8739x-29.0717,82.1037x-21.9996,83.7087x-14.7601,84.6765x-7.40824,85x-2.0819e-14
before_layer_gcode = 
between_objects_gcode = 
color_change_gcode = M600
cooling_tube_length = 5
cooling_tube_retraction = 91.5
default_filament_profile = ""
default_print_profile = 
deretract_speed = 0
end_gcode = M104 S0 ; turn off temperature\nM140 S0; turn off heater\nG28 ; home X axis\nM84 ; disable motors\nM106 P0 S0
extra_loading_move = -2
extruder_colour = ""
extruder_offset = 0x0
gcode_flavor = reprap
high_current_on_filament_swap = 0
host_type = duet
inherits = 
layer_gcode = 
machine_limits_usage = emit_to_gcode
machine_max_acceleration_e = 10000,5000
machine_max_acceleration_extruding = 1500,1250
machine_max_acceleration_retracting = 1500,1250
machine_max_acceleration_x = 9000,1000
machine_max_acceleration_y = 9000,1000
machine_max_acceleration_z = 500,200
machine_max_feedrate_e = 120,120
machine_max_feedrate_x = 500,200
machine_max_feedrate_y = 500,200
machine_max_feedrate_z = 12,12
machine_max_jerk_e = 2.5,2.5
machine_max_jerk_x = 10,10
machine_max_jerk_y = 10,10
machine_max_jerk_z = 0.2,0.4
machine_min_extruding_rate = 0,0
machine_min_travel_rate = 0,0
max_layer_height = 0
max_print_height = 210
min_layer_height = 0.07
nozzle_diameter = 0.5
parking_pos_retraction = 92
pause_print_gcode = M601
print_host = 
printer_model = 
printer_notes = 
printer_settings_id = 
printer_technology = FFF
printer_variant = 
printer_vendor = 
printhost_apikey = 
printhost_cafile = 
remaining_times = 0
retract_before_travel = 2
retract_before_wipe = 0%
retract_layer_change = 1
retract_length = 1.5
retract_length_toolchange = 10
retract_lift = 0.2
retract_lift_above = 0
retract_lift_below = 0
retract_restart_extra = 0
retract_restart_extra_toolchange = 0
retract_speed = 40
silent_mode = 1
single_extruder_multi_material = 0
start_gcode = G28; home all axes\n;M307 H0 S0.75;  reduce power temporarily to heater, until power supply situation can be fixed.\n;M104 S[first_layer_temperature] ; heat!\nM109 S[first_layer_temperature] ; heat (and wait!)\nG0 Z20 F10000\nG0 X-50 Y50 F10000\n;M109; wait for temp to get reached\n; Fan on\n;M106 P0 S0.25
template_custom_gcode = 
thumbnails = 
toolchange_gcode = 
use_firmware_retraction = 0
use_relative_e_distances = 0
use_volumetric_e = 0
variable_layer_height = 1
wipe = 0
z_offset = 0.08
