# generated by Slic3r 1.2.9 on Fri May  6 15:36:55 2016
bed_shape = 72.6001x7.63058,71.4048x15.1776,69.4271x22.5582,66.6888x29.6918,63.2199x36.5,59.0582x42.9083,54.2496x48.8465,48.8465x54.2496,42.9083x59.0582,36.5x63.2199,29.6918x66.6888,22.5582x69.4271,15.1776x71.4048,7.63058x72.6001,0x73,-7.63058x72.6001,-15.1776x71.4048,-22.5582x69.4271,-29.6918x66.6888,-36.5x63.2199,-42.9083x59.0582,-48.8465x54.2496,-54.2496x48.8465,-59.0582x42.9083,-63.2199x36.5,-66.6888x29.6918,-69.4271x22.5582,-71.4048x15.1776,-72.6001x7.63058,-73x0,-72.6001x-7.63058,-71.4048x-15.1776,-69.4271x-22.5582,-66.6888x-29.6918,-63.2199x-36.5,-59.0582x-42.9083,-54.2496x-48.8465,-48.8465x-54.2496,-42.9083x-59.0582,-36.5x-63.2199,-29.6918x-66.6888,-22.5582x-69.4271,-15.1776x-71.4048,-7.63058x-72.6001,0x-73,7.63058x-72.6001,15.1776x-71.4048,22.5582x-69.4271,29.6918x-66.6888,36.5x-63.2199,42.9083x-59.0582,48.8465x-54.2496,54.2496x-48.8465,59.0582x-42.9083,63.2199x-36.5,66.6888x-29.6918,69.4271x-22.5582,71.4048x-15.1776,72.6001x-7.63058,73x0
before_layer_gcode = 
end_gcode = M104 S0 ; turn off temperature\nM140 S0; turn off heater\nG28 ; home X axis\nM84 ; disable motors
extruder_offset = 0x0
gcode_flavor = reprap
layer_gcode = 
nozzle_diameter = 0.35
octoprint_apikey = 32C6A75DC8634B64B928666D0F257B73
octoprint_host = 10.0.1.7:5000
pressure_advance = 0
retract_before_travel = 1
retract_layer_change = 0
retract_length = 5
retract_length_toolchange = 10
retract_lift = 0.2
retract_restart_extra = 0
retract_restart_extra_toolchange = 0
retract_speed = 70
start_gcode = M666 X0 Y-0.2 Z-1.21 ; adjust endstops.  Negative value moves axis down.\nM206 Z6.08; manual adjustment; The smaller this value, the higher the extruder. Increase to drop. ORIGINAL\nG28; home all axes\nM104 S[first_layer_temperature] ; heat!\nG0 Z20 F10000\nG0 X-50 Y50 F10000\n;M106 S30 ;mild fan\nM109; wait for temp to get reached
toolchange_gcode = 
use_firmware_retraction = 0
use_relative_e_distances = 0
use_volumetric_e = 0
vibration_limit = 0
wipe = 0
z_offset = 0
