# generated by Slic3r Prusa Edition 1.41.2+ on 2018-11-23 at 13:33:48
bed_shape = 124.315x13.0661,122.268x25.989,118.882x38.6271,114.193x50.8421,108.253x62.5,101.127x73.4732,92.8931x83.6413,83.6413x92.8931,73.4732x101.127,62.5x108.253,50.8421x114.193,38.6271x118.882,25.989x122.268,13.0661x124.315,3.54096e-14x125,-13.0661x124.315,-25.989x122.268,-38.6271x118.882,-50.8421x114.193,-62.5x108.253,-73.4732x101.127,-83.6413x92.8931,-92.8931x83.6413,-101.127x73.4732,-108.253x62.5,-114.193x50.8421,-118.882x38.6271,-122.268x25.989,-124.315x13.0661,-125x7.08192e-14,-124.315x-13.0661,-122.268x-25.989,-118.882x-38.6271,-114.193x-50.8421,-108.253x-62.5,-101.127x-73.4732,-92.8931x-83.6413,-83.6413x-92.8931,-73.4732x-101.127,-62.5x-108.253,-50.8421x-114.193,-38.6271x-118.882,-25.989x-122.268,-13.0661x-124.315,-2.29621e-14x-125,13.0661x-124.315,25.989x-122.268,38.6271x-118.882,50.8421x-114.193,62.5x-108.253,73.4732x-101.127,83.6413x-92.8931,92.8931x-83.6413,101.127x-73.4732,108.253x-62.5,114.193x-50.8421,118.882x-38.6271,122.268x-25.989,124.315x-13.0661,125x-1.41638e-13
before_layer_gcode = 
between_objects_gcode = 
cooling_tube_length = 5
cooling_tube_retraction = 91.5
default_filament_profile = ""
default_print_profile = 
deretract_speed = 0
end_gcode = M104 S0 ; turn off temperature\nG28 X0  ; home X axis\nM84     ; disable motors\n
extra_loading_move = -2
extruder_colour = ""
extruder_offset = 0x0
gcode_flavor = marlin
host_type = octoprint
inherits = 
layer_gcode = 
machine_max_acceleration_e = 10000,5000
machine_max_acceleration_extruding = 1500,1250
machine_max_acceleration_retracting = 1500,1250
machine_max_acceleration_x = 9000,1000
machine_max_acceleration_y = 9000,1000
machine_max_acceleration_z = 500,200
machine_max_feedrate_e = 120,120
machine_max_feedrate_x = 500,200
machine_max_feedrate_y = 500,200
machine_max_feedrate_z = 12,12
machine_max_jerk_e = 2.5,2.5
machine_max_jerk_x = 10,10
machine_max_jerk_y = 10,10
machine_max_jerk_z = 0.2,0.4
machine_min_extruding_rate = 0,0
machine_min_travel_rate = 0,0
max_layer_height = 0
max_print_height = 200
min_layer_height = 0.07
nozzle_diameter = 0.5
parking_pos_retraction = 92
print_host = 
printer_model = 
printer_notes = 
printer_settings_id = 
printer_variant = 
printer_vendor = 
printhost_apikey = 
printhost_cafile = 
remaining_times = 0
retract_before_travel = 2
retract_before_wipe = 0%
retract_layer_change = 0
retract_length = 2
retract_length_toolchange = 10
retract_lift = 0
retract_lift_above = 0
retract_lift_below = 0
retract_restart_extra = 0
retract_restart_extra_toolchange = 0
retract_speed = 40
serial_port = 
serial_speed = 250000
silent_mode = 1
single_extruder_multi_material = 0
start_gcode = G28 ; home all axes\nG1 Z5 F5000 ; lift nozzle\n
toolchange_gcode = 
use_firmware_retraction = 0
use_relative_e_distances = 0
use_volumetric_e = 0
variable_layer_height = 1
wipe = 0
z_offset = 0
